{
 "cells": [
  {
   "cell_type": "code",
   "execution_count": 1,
   "id": "dcdbeff2",
   "metadata": {},
   "outputs": [],
   "source": [
    "%load_ext autoreload\n",
    "%autoreload 2\n",
    "%matplotlib inline"
   ]
  },
  {
   "cell_type": "code",
   "execution_count": 2,
   "id": "a7ca2f3f",
   "metadata": {},
   "outputs": [],
   "source": [
    "from sklearn.model_selection import cross_val_score\n",
    "from sklearn.metrics import mean_squared_error, r2_score\n",
    "from sklearn.pipeline import Pipeline\n",
    "from pandas.plotting import scatter_matrix\n",
    "from seaborn import scatterplot"
   ]
  },
  {
   "cell_type": "code",
   "execution_count": 3,
   "id": "162df93a",
   "metadata": {},
   "outputs": [],
   "source": [
    "from sklearn.preprocessing import StandardScaler\n",
    "from sklearn.linear_model import LinearRegression\n",
    "from sklearn.linear_model import SGDRegressor\n",
    "from sklearn.tree import DecisionTreeRegressor\n",
    "from sklearn.ensemble import GradientBoostingRegressor\n",
    "from sklearn.ensemble import RandomForestRegressor\n",
    "from sklearn.model_selection import cross_val_score\n",
    "from sklearn.metrics import mean_squared_error, r2_score\n",
    "from sklearn.decomposition import PCA\n",
    "from sklearn.model_selection import GridSearchCV"
   ]
  },
  {
   "cell_type": "code",
   "execution_count": 4,
   "id": "32a2d65f",
   "metadata": {},
   "outputs": [],
   "source": [
    "import pandas as pd\n",
    "import numpy as np\n",
    "import matplotlib.pyplot as plt"
   ]
  },
  {
   "cell_type": "code",
   "execution_count": 5,
   "id": "8b9774a2",
   "metadata": {},
   "outputs": [],
   "source": [
    "dfTrain = pd.read_csv('../Data/train.csv', encoding = 'utf-8', lineterminator=\"\\n\")\n",
    "targetValues = dfTrain['target'].to_frame()\n",
    "targetValues.columns = ['Values']"
   ]
  },
  {
   "cell_type": "code",
   "execution_count": 6,
   "id": "6dfc8d90",
   "metadata": {},
   "outputs": [],
   "source": [
    "dfPOS = pd.read_csv('../Data/POS_Columns.csv', encoding = 'utf-8', lineterminator=\"\\n\")"
   ]
  },
  {
   "cell_type": "code",
   "execution_count": 7,
   "id": "9470d71b",
   "metadata": {},
   "outputs": [],
   "source": [
    "cols = ['Index', 'Sents', 'Words', 'C_W_C', 'S_C',\n",
    "                'ADJ', 'ADP', 'ADV', 'AUX', 'CCONJ', 'DET','INTJ', 'NOUN', \n",
    "                'NUM', 'PART', 'PRON','PROPN', 'PUNCT','SCONJ','SYM','VERB','X']\n",
    "dfPOS.columns = cols\n",
    "dfPOS = dfPOS.drop(['Index'], axis = 1)\n",
    "dfPOS = dfPOS.drop(['X'], axis = 1)"
   ]
  },
  {
   "cell_type": "code",
   "execution_count": 8,
   "id": "5050d8d0",
   "metadata": {},
   "outputs": [],
   "source": [
    "pCorr = dfPOS.corr(method='pearson')"
   ]
  },
  {
   "cell_type": "code",
   "execution_count": 9,
   "id": "9b762103",
   "metadata": {},
   "outputs": [
    {
     "data": {
      "text/html": [
       "<div>\n",
       "<style scoped>\n",
       "    .dataframe tbody tr th:only-of-type {\n",
       "        vertical-align: middle;\n",
       "    }\n",
       "\n",
       "    .dataframe tbody tr th {\n",
       "        vertical-align: top;\n",
       "    }\n",
       "\n",
       "    .dataframe thead th {\n",
       "        text-align: right;\n",
       "    }\n",
       "</style>\n",
       "<table border=\"1\" class=\"dataframe\">\n",
       "  <thead>\n",
       "    <tr style=\"text-align: right;\">\n",
       "      <th></th>\n",
       "      <th>Sents</th>\n",
       "      <th>Words</th>\n",
       "      <th>C_W_C</th>\n",
       "      <th>S_C</th>\n",
       "      <th>ADJ</th>\n",
       "      <th>ADP</th>\n",
       "      <th>ADV</th>\n",
       "      <th>AUX</th>\n",
       "      <th>CCONJ</th>\n",
       "      <th>DET</th>\n",
       "      <th>INTJ</th>\n",
       "      <th>NOUN</th>\n",
       "      <th>NUM</th>\n",
       "      <th>PART</th>\n",
       "      <th>PRON</th>\n",
       "      <th>PROPN</th>\n",
       "      <th>PUNCT</th>\n",
       "      <th>SCONJ</th>\n",
       "      <th>SYM</th>\n",
       "      <th>VERB</th>\n",
       "    </tr>\n",
       "  </thead>\n",
       "  <tbody>\n",
       "    <tr>\n",
       "      <th>Sents</th>\n",
       "      <td>1.000000</td>\n",
       "      <td>0.246253</td>\n",
       "      <td>-0.172172</td>\n",
       "      <td>-0.013029</td>\n",
       "      <td>-0.111711</td>\n",
       "      <td>-0.324174</td>\n",
       "      <td>0.043229</td>\n",
       "      <td>0.223342</td>\n",
       "      <td>-0.180789</td>\n",
       "      <td>-0.076608</td>\n",
       "      <td>0.265827</td>\n",
       "      <td>0.034673</td>\n",
       "      <td>0.001979</td>\n",
       "      <td>0.210081</td>\n",
       "      <td>0.252799</td>\n",
       "      <td>0.141487</td>\n",
       "      <td>0.508842</td>\n",
       "      <td>-0.155351</td>\n",
       "      <td>0.003420</td>\n",
       "      <td>0.456046</td>\n",
       "    </tr>\n",
       "    <tr>\n",
       "      <th>Words</th>\n",
       "      <td>0.246253</td>\n",
       "      <td>1.000000</td>\n",
       "      <td>0.117852</td>\n",
       "      <td>0.606382</td>\n",
       "      <td>0.195407</td>\n",
       "      <td>0.335980</td>\n",
       "      <td>0.265731</td>\n",
       "      <td>0.293300</td>\n",
       "      <td>0.198870</td>\n",
       "      <td>0.328431</td>\n",
       "      <td>0.079937</td>\n",
       "      <td>0.296995</td>\n",
       "      <td>0.081913</td>\n",
       "      <td>0.210678</td>\n",
       "      <td>0.242022</td>\n",
       "      <td>0.055043</td>\n",
       "      <td>0.307742</td>\n",
       "      <td>0.199152</td>\n",
       "      <td>0.027631</td>\n",
       "      <td>0.392869</td>\n",
       "    </tr>\n",
       "    <tr>\n",
       "      <th>C_W_C</th>\n",
       "      <td>-0.172172</td>\n",
       "      <td>0.117852</td>\n",
       "      <td>1.000000</td>\n",
       "      <td>0.827403</td>\n",
       "      <td>0.425889</td>\n",
       "      <td>0.299289</td>\n",
       "      <td>-0.219754</td>\n",
       "      <td>-0.005326</td>\n",
       "      <td>-0.119131</td>\n",
       "      <td>0.090916</td>\n",
       "      <td>-0.263091</td>\n",
       "      <td>0.540588</td>\n",
       "      <td>0.091749</td>\n",
       "      <td>-0.163032</td>\n",
       "      <td>-0.531716</td>\n",
       "      <td>0.007983</td>\n",
       "      <td>-0.246193</td>\n",
       "      <td>-0.092147</td>\n",
       "      <td>0.134699</td>\n",
       "      <td>-0.307361</td>\n",
       "    </tr>\n",
       "    <tr>\n",
       "      <th>S_C</th>\n",
       "      <td>-0.013029</td>\n",
       "      <td>0.606382</td>\n",
       "      <td>0.827403</td>\n",
       "      <td>1.000000</td>\n",
       "      <td>0.471324</td>\n",
       "      <td>0.425044</td>\n",
       "      <td>-0.042571</td>\n",
       "      <td>0.113889</td>\n",
       "      <td>0.010496</td>\n",
       "      <td>0.247594</td>\n",
       "      <td>-0.182929</td>\n",
       "      <td>0.611888</td>\n",
       "      <td>0.130675</td>\n",
       "      <td>-0.058851</td>\n",
       "      <td>-0.346052</td>\n",
       "      <td>0.045041</td>\n",
       "      <td>-0.041323</td>\n",
       "      <td>0.008125</td>\n",
       "      <td>0.119011</td>\n",
       "      <td>-0.047118</td>\n",
       "    </tr>\n",
       "    <tr>\n",
       "      <th>ADJ</th>\n",
       "      <td>-0.111711</td>\n",
       "      <td>0.195407</td>\n",
       "      <td>0.425889</td>\n",
       "      <td>0.471324</td>\n",
       "      <td>1.000000</td>\n",
       "      <td>0.190039</td>\n",
       "      <td>-0.068978</td>\n",
       "      <td>-0.014330</td>\n",
       "      <td>0.064155</td>\n",
       "      <td>0.056729</td>\n",
       "      <td>-0.143466</td>\n",
       "      <td>0.291807</td>\n",
       "      <td>0.028198</td>\n",
       "      <td>-0.214705</td>\n",
       "      <td>-0.327493</td>\n",
       "      <td>-0.066487</td>\n",
       "      <td>-0.103678</td>\n",
       "      <td>-0.145838</td>\n",
       "      <td>0.064087</td>\n",
       "      <td>-0.367961</td>\n",
       "    </tr>\n",
       "    <tr>\n",
       "      <th>ADP</th>\n",
       "      <td>-0.324174</td>\n",
       "      <td>0.335980</td>\n",
       "      <td>0.299289</td>\n",
       "      <td>0.425044</td>\n",
       "      <td>0.190039</td>\n",
       "      <td>1.000000</td>\n",
       "      <td>-0.128090</td>\n",
       "      <td>-0.178734</td>\n",
       "      <td>-0.021836</td>\n",
       "      <td>0.402948</td>\n",
       "      <td>-0.217973</td>\n",
       "      <td>0.332543</td>\n",
       "      <td>0.185291</td>\n",
       "      <td>-0.310495</td>\n",
       "      <td>-0.308484</td>\n",
       "      <td>0.042173</td>\n",
       "      <td>-0.245940</td>\n",
       "      <td>-0.173484</td>\n",
       "      <td>0.060652</td>\n",
       "      <td>-0.358274</td>\n",
       "    </tr>\n",
       "    <tr>\n",
       "      <th>ADV</th>\n",
       "      <td>0.043229</td>\n",
       "      <td>0.265731</td>\n",
       "      <td>-0.219754</td>\n",
       "      <td>-0.042571</td>\n",
       "      <td>-0.068978</td>\n",
       "      <td>-0.128090</td>\n",
       "      <td>1.000000</td>\n",
       "      <td>0.174791</td>\n",
       "      <td>0.164826</td>\n",
       "      <td>-0.156129</td>\n",
       "      <td>0.151865</td>\n",
       "      <td>-0.308559</td>\n",
       "      <td>-0.074431</td>\n",
       "      <td>0.135882</td>\n",
       "      <td>0.344881</td>\n",
       "      <td>-0.115519</td>\n",
       "      <td>0.199838</td>\n",
       "      <td>0.241404</td>\n",
       "      <td>-0.058837</td>\n",
       "      <td>0.228901</td>\n",
       "    </tr>\n",
       "    <tr>\n",
       "      <th>AUX</th>\n",
       "      <td>0.223342</td>\n",
       "      <td>0.293300</td>\n",
       "      <td>-0.005326</td>\n",
       "      <td>0.113889</td>\n",
       "      <td>-0.014330</td>\n",
       "      <td>-0.178734</td>\n",
       "      <td>0.174791</td>\n",
       "      <td>1.000000</td>\n",
       "      <td>-0.108271</td>\n",
       "      <td>-0.088659</td>\n",
       "      <td>0.095186</td>\n",
       "      <td>-0.098632</td>\n",
       "      <td>-0.070132</td>\n",
       "      <td>0.222018</td>\n",
       "      <td>0.223002</td>\n",
       "      <td>-0.064983</td>\n",
       "      <td>0.100880</td>\n",
       "      <td>0.254378</td>\n",
       "      <td>0.000528</td>\n",
       "      <td>0.100590</td>\n",
       "    </tr>\n",
       "    <tr>\n",
       "      <th>CCONJ</th>\n",
       "      <td>-0.180789</td>\n",
       "      <td>0.198870</td>\n",
       "      <td>-0.119131</td>\n",
       "      <td>0.010496</td>\n",
       "      <td>0.064155</td>\n",
       "      <td>-0.021836</td>\n",
       "      <td>0.164826</td>\n",
       "      <td>-0.108271</td>\n",
       "      <td>1.000000</td>\n",
       "      <td>-0.097513</td>\n",
       "      <td>0.020034</td>\n",
       "      <td>-0.002898</td>\n",
       "      <td>-0.105526</td>\n",
       "      <td>-0.047073</td>\n",
       "      <td>0.111496</td>\n",
       "      <td>-0.072595</td>\n",
       "      <td>0.100358</td>\n",
       "      <td>-0.053034</td>\n",
       "      <td>-0.081403</td>\n",
       "      <td>0.065927</td>\n",
       "    </tr>\n",
       "    <tr>\n",
       "      <th>DET</th>\n",
       "      <td>-0.076608</td>\n",
       "      <td>0.328431</td>\n",
       "      <td>0.090916</td>\n",
       "      <td>0.247594</td>\n",
       "      <td>0.056729</td>\n",
       "      <td>0.402948</td>\n",
       "      <td>-0.156129</td>\n",
       "      <td>-0.088659</td>\n",
       "      <td>-0.097513</td>\n",
       "      <td>1.000000</td>\n",
       "      <td>-0.112179</td>\n",
       "      <td>0.296673</td>\n",
       "      <td>0.048804</td>\n",
       "      <td>-0.226566</td>\n",
       "      <td>-0.312937</td>\n",
       "      <td>-0.042902</td>\n",
       "      <td>-0.115700</td>\n",
       "      <td>-0.112371</td>\n",
       "      <td>-0.029925</td>\n",
       "      <td>-0.127061</td>\n",
       "    </tr>\n",
       "    <tr>\n",
       "      <th>INTJ</th>\n",
       "      <td>0.265827</td>\n",
       "      <td>0.079937</td>\n",
       "      <td>-0.263091</td>\n",
       "      <td>-0.182929</td>\n",
       "      <td>-0.143466</td>\n",
       "      <td>-0.217973</td>\n",
       "      <td>0.151865</td>\n",
       "      <td>0.095186</td>\n",
       "      <td>0.020034</td>\n",
       "      <td>-0.112179</td>\n",
       "      <td>1.000000</td>\n",
       "      <td>-0.227616</td>\n",
       "      <td>-0.073534</td>\n",
       "      <td>0.121812</td>\n",
       "      <td>0.303240</td>\n",
       "      <td>0.051272</td>\n",
       "      <td>0.480196</td>\n",
       "      <td>-0.016585</td>\n",
       "      <td>-0.041318</td>\n",
       "      <td>0.274412</td>\n",
       "    </tr>\n",
       "    <tr>\n",
       "      <th>NOUN</th>\n",
       "      <td>0.034673</td>\n",
       "      <td>0.296995</td>\n",
       "      <td>0.540588</td>\n",
       "      <td>0.611888</td>\n",
       "      <td>0.291807</td>\n",
       "      <td>0.332543</td>\n",
       "      <td>-0.308559</td>\n",
       "      <td>-0.098632</td>\n",
       "      <td>-0.002898</td>\n",
       "      <td>0.296673</td>\n",
       "      <td>-0.227616</td>\n",
       "      <td>1.000000</td>\n",
       "      <td>0.092788</td>\n",
       "      <td>-0.226290</td>\n",
       "      <td>-0.527665</td>\n",
       "      <td>-0.343424</td>\n",
       "      <td>-0.081853</td>\n",
       "      <td>-0.194810</td>\n",
       "      <td>0.126286</td>\n",
       "      <td>-0.191376</td>\n",
       "    </tr>\n",
       "    <tr>\n",
       "      <th>NUM</th>\n",
       "      <td>0.001979</td>\n",
       "      <td>0.081913</td>\n",
       "      <td>0.091749</td>\n",
       "      <td>0.130675</td>\n",
       "      <td>0.028198</td>\n",
       "      <td>0.185291</td>\n",
       "      <td>-0.074431</td>\n",
       "      <td>-0.070132</td>\n",
       "      <td>-0.105526</td>\n",
       "      <td>0.048804</td>\n",
       "      <td>-0.073534</td>\n",
       "      <td>0.092788</td>\n",
       "      <td>1.000000</td>\n",
       "      <td>-0.185360</td>\n",
       "      <td>-0.256302</td>\n",
       "      <td>0.177839</td>\n",
       "      <td>0.015676</td>\n",
       "      <td>-0.139644</td>\n",
       "      <td>0.367256</td>\n",
       "      <td>-0.205047</td>\n",
       "    </tr>\n",
       "    <tr>\n",
       "      <th>PART</th>\n",
       "      <td>0.210081</td>\n",
       "      <td>0.210678</td>\n",
       "      <td>-0.163032</td>\n",
       "      <td>-0.058851</td>\n",
       "      <td>-0.214705</td>\n",
       "      <td>-0.310495</td>\n",
       "      <td>0.135882</td>\n",
       "      <td>0.222018</td>\n",
       "      <td>-0.047073</td>\n",
       "      <td>-0.226566</td>\n",
       "      <td>0.121812</td>\n",
       "      <td>-0.226290</td>\n",
       "      <td>-0.185360</td>\n",
       "      <td>1.000000</td>\n",
       "      <td>0.355420</td>\n",
       "      <td>0.028710</td>\n",
       "      <td>0.119034</td>\n",
       "      <td>0.246145</td>\n",
       "      <td>-0.075661</td>\n",
       "      <td>0.476195</td>\n",
       "    </tr>\n",
       "    <tr>\n",
       "      <th>PRON</th>\n",
       "      <td>0.252799</td>\n",
       "      <td>0.242022</td>\n",
       "      <td>-0.531716</td>\n",
       "      <td>-0.346052</td>\n",
       "      <td>-0.327493</td>\n",
       "      <td>-0.308484</td>\n",
       "      <td>0.344881</td>\n",
       "      <td>0.223002</td>\n",
       "      <td>0.111496</td>\n",
       "      <td>-0.312937</td>\n",
       "      <td>0.303240</td>\n",
       "      <td>-0.527665</td>\n",
       "      <td>-0.256302</td>\n",
       "      <td>0.355420</td>\n",
       "      <td>1.000000</td>\n",
       "      <td>-0.076545</td>\n",
       "      <td>0.367884</td>\n",
       "      <td>0.283847</td>\n",
       "      <td>-0.169444</td>\n",
       "      <td>0.537506</td>\n",
       "    </tr>\n",
       "    <tr>\n",
       "      <th>PROPN</th>\n",
       "      <td>0.141487</td>\n",
       "      <td>0.055043</td>\n",
       "      <td>0.007983</td>\n",
       "      <td>0.045041</td>\n",
       "      <td>-0.066487</td>\n",
       "      <td>0.042173</td>\n",
       "      <td>-0.115519</td>\n",
       "      <td>-0.064983</td>\n",
       "      <td>-0.072595</td>\n",
       "      <td>-0.042902</td>\n",
       "      <td>0.051272</td>\n",
       "      <td>-0.343424</td>\n",
       "      <td>0.177839</td>\n",
       "      <td>0.028710</td>\n",
       "      <td>-0.076545</td>\n",
       "      <td>1.000000</td>\n",
       "      <td>0.161240</td>\n",
       "      <td>-0.167259</td>\n",
       "      <td>0.017437</td>\n",
       "      <td>-0.058884</td>\n",
       "    </tr>\n",
       "    <tr>\n",
       "      <th>PUNCT</th>\n",
       "      <td>0.508842</td>\n",
       "      <td>0.307742</td>\n",
       "      <td>-0.246193</td>\n",
       "      <td>-0.041323</td>\n",
       "      <td>-0.103678</td>\n",
       "      <td>-0.245940</td>\n",
       "      <td>0.199838</td>\n",
       "      <td>0.100880</td>\n",
       "      <td>0.100358</td>\n",
       "      <td>-0.115700</td>\n",
       "      <td>0.480196</td>\n",
       "      <td>-0.081853</td>\n",
       "      <td>0.015676</td>\n",
       "      <td>0.119034</td>\n",
       "      <td>0.367884</td>\n",
       "      <td>0.161240</td>\n",
       "      <td>1.000000</td>\n",
       "      <td>-0.125863</td>\n",
       "      <td>-0.010375</td>\n",
       "      <td>0.425398</td>\n",
       "    </tr>\n",
       "    <tr>\n",
       "      <th>SCONJ</th>\n",
       "      <td>-0.155351</td>\n",
       "      <td>0.199152</td>\n",
       "      <td>-0.092147</td>\n",
       "      <td>0.008125</td>\n",
       "      <td>-0.145838</td>\n",
       "      <td>-0.173484</td>\n",
       "      <td>0.241404</td>\n",
       "      <td>0.254378</td>\n",
       "      <td>-0.053034</td>\n",
       "      <td>-0.112371</td>\n",
       "      <td>-0.016585</td>\n",
       "      <td>-0.194810</td>\n",
       "      <td>-0.139644</td>\n",
       "      <td>0.246145</td>\n",
       "      <td>0.283847</td>\n",
       "      <td>-0.167259</td>\n",
       "      <td>-0.125863</td>\n",
       "      <td>1.000000</td>\n",
       "      <td>-0.060387</td>\n",
       "      <td>0.312443</td>\n",
       "    </tr>\n",
       "    <tr>\n",
       "      <th>SYM</th>\n",
       "      <td>0.003420</td>\n",
       "      <td>0.027631</td>\n",
       "      <td>0.134699</td>\n",
       "      <td>0.119011</td>\n",
       "      <td>0.064087</td>\n",
       "      <td>0.060652</td>\n",
       "      <td>-0.058837</td>\n",
       "      <td>0.000528</td>\n",
       "      <td>-0.081403</td>\n",
       "      <td>-0.029925</td>\n",
       "      <td>-0.041318</td>\n",
       "      <td>0.126286</td>\n",
       "      <td>0.367256</td>\n",
       "      <td>-0.075661</td>\n",
       "      <td>-0.169444</td>\n",
       "      <td>0.017437</td>\n",
       "      <td>-0.010375</td>\n",
       "      <td>-0.060387</td>\n",
       "      <td>1.000000</td>\n",
       "      <td>-0.117150</td>\n",
       "    </tr>\n",
       "    <tr>\n",
       "      <th>VERB</th>\n",
       "      <td>0.456046</td>\n",
       "      <td>0.392869</td>\n",
       "      <td>-0.307361</td>\n",
       "      <td>-0.047118</td>\n",
       "      <td>-0.367961</td>\n",
       "      <td>-0.358274</td>\n",
       "      <td>0.228901</td>\n",
       "      <td>0.100590</td>\n",
       "      <td>0.065927</td>\n",
       "      <td>-0.127061</td>\n",
       "      <td>0.274412</td>\n",
       "      <td>-0.191376</td>\n",
       "      <td>-0.205047</td>\n",
       "      <td>0.476195</td>\n",
       "      <td>0.537506</td>\n",
       "      <td>-0.058884</td>\n",
       "      <td>0.425398</td>\n",
       "      <td>0.312443</td>\n",
       "      <td>-0.117150</td>\n",
       "      <td>1.000000</td>\n",
       "    </tr>\n",
       "  </tbody>\n",
       "</table>\n",
       "</div>"
      ],
      "text/plain": [
       "          Sents     Words     C_W_C       S_C       ADJ       ADP       ADV  \\\n",
       "Sents  1.000000  0.246253 -0.172172 -0.013029 -0.111711 -0.324174  0.043229   \n",
       "Words  0.246253  1.000000  0.117852  0.606382  0.195407  0.335980  0.265731   \n",
       "C_W_C -0.172172  0.117852  1.000000  0.827403  0.425889  0.299289 -0.219754   \n",
       "S_C   -0.013029  0.606382  0.827403  1.000000  0.471324  0.425044 -0.042571   \n",
       "ADJ   -0.111711  0.195407  0.425889  0.471324  1.000000  0.190039 -0.068978   \n",
       "ADP   -0.324174  0.335980  0.299289  0.425044  0.190039  1.000000 -0.128090   \n",
       "ADV    0.043229  0.265731 -0.219754 -0.042571 -0.068978 -0.128090  1.000000   \n",
       "AUX    0.223342  0.293300 -0.005326  0.113889 -0.014330 -0.178734  0.174791   \n",
       "CCONJ -0.180789  0.198870 -0.119131  0.010496  0.064155 -0.021836  0.164826   \n",
       "DET   -0.076608  0.328431  0.090916  0.247594  0.056729  0.402948 -0.156129   \n",
       "INTJ   0.265827  0.079937 -0.263091 -0.182929 -0.143466 -0.217973  0.151865   \n",
       "NOUN   0.034673  0.296995  0.540588  0.611888  0.291807  0.332543 -0.308559   \n",
       "NUM    0.001979  0.081913  0.091749  0.130675  0.028198  0.185291 -0.074431   \n",
       "PART   0.210081  0.210678 -0.163032 -0.058851 -0.214705 -0.310495  0.135882   \n",
       "PRON   0.252799  0.242022 -0.531716 -0.346052 -0.327493 -0.308484  0.344881   \n",
       "PROPN  0.141487  0.055043  0.007983  0.045041 -0.066487  0.042173 -0.115519   \n",
       "PUNCT  0.508842  0.307742 -0.246193 -0.041323 -0.103678 -0.245940  0.199838   \n",
       "SCONJ -0.155351  0.199152 -0.092147  0.008125 -0.145838 -0.173484  0.241404   \n",
       "SYM    0.003420  0.027631  0.134699  0.119011  0.064087  0.060652 -0.058837   \n",
       "VERB   0.456046  0.392869 -0.307361 -0.047118 -0.367961 -0.358274  0.228901   \n",
       "\n",
       "            AUX     CCONJ       DET      INTJ      NOUN       NUM      PART  \\\n",
       "Sents  0.223342 -0.180789 -0.076608  0.265827  0.034673  0.001979  0.210081   \n",
       "Words  0.293300  0.198870  0.328431  0.079937  0.296995  0.081913  0.210678   \n",
       "C_W_C -0.005326 -0.119131  0.090916 -0.263091  0.540588  0.091749 -0.163032   \n",
       "S_C    0.113889  0.010496  0.247594 -0.182929  0.611888  0.130675 -0.058851   \n",
       "ADJ   -0.014330  0.064155  0.056729 -0.143466  0.291807  0.028198 -0.214705   \n",
       "ADP   -0.178734 -0.021836  0.402948 -0.217973  0.332543  0.185291 -0.310495   \n",
       "ADV    0.174791  0.164826 -0.156129  0.151865 -0.308559 -0.074431  0.135882   \n",
       "AUX    1.000000 -0.108271 -0.088659  0.095186 -0.098632 -0.070132  0.222018   \n",
       "CCONJ -0.108271  1.000000 -0.097513  0.020034 -0.002898 -0.105526 -0.047073   \n",
       "DET   -0.088659 -0.097513  1.000000 -0.112179  0.296673  0.048804 -0.226566   \n",
       "INTJ   0.095186  0.020034 -0.112179  1.000000 -0.227616 -0.073534  0.121812   \n",
       "NOUN  -0.098632 -0.002898  0.296673 -0.227616  1.000000  0.092788 -0.226290   \n",
       "NUM   -0.070132 -0.105526  0.048804 -0.073534  0.092788  1.000000 -0.185360   \n",
       "PART   0.222018 -0.047073 -0.226566  0.121812 -0.226290 -0.185360  1.000000   \n",
       "PRON   0.223002  0.111496 -0.312937  0.303240 -0.527665 -0.256302  0.355420   \n",
       "PROPN -0.064983 -0.072595 -0.042902  0.051272 -0.343424  0.177839  0.028710   \n",
       "PUNCT  0.100880  0.100358 -0.115700  0.480196 -0.081853  0.015676  0.119034   \n",
       "SCONJ  0.254378 -0.053034 -0.112371 -0.016585 -0.194810 -0.139644  0.246145   \n",
       "SYM    0.000528 -0.081403 -0.029925 -0.041318  0.126286  0.367256 -0.075661   \n",
       "VERB   0.100590  0.065927 -0.127061  0.274412 -0.191376 -0.205047  0.476195   \n",
       "\n",
       "           PRON     PROPN     PUNCT     SCONJ       SYM      VERB  \n",
       "Sents  0.252799  0.141487  0.508842 -0.155351  0.003420  0.456046  \n",
       "Words  0.242022  0.055043  0.307742  0.199152  0.027631  0.392869  \n",
       "C_W_C -0.531716  0.007983 -0.246193 -0.092147  0.134699 -0.307361  \n",
       "S_C   -0.346052  0.045041 -0.041323  0.008125  0.119011 -0.047118  \n",
       "ADJ   -0.327493 -0.066487 -0.103678 -0.145838  0.064087 -0.367961  \n",
       "ADP   -0.308484  0.042173 -0.245940 -0.173484  0.060652 -0.358274  \n",
       "ADV    0.344881 -0.115519  0.199838  0.241404 -0.058837  0.228901  \n",
       "AUX    0.223002 -0.064983  0.100880  0.254378  0.000528  0.100590  \n",
       "CCONJ  0.111496 -0.072595  0.100358 -0.053034 -0.081403  0.065927  \n",
       "DET   -0.312937 -0.042902 -0.115700 -0.112371 -0.029925 -0.127061  \n",
       "INTJ   0.303240  0.051272  0.480196 -0.016585 -0.041318  0.274412  \n",
       "NOUN  -0.527665 -0.343424 -0.081853 -0.194810  0.126286 -0.191376  \n",
       "NUM   -0.256302  0.177839  0.015676 -0.139644  0.367256 -0.205047  \n",
       "PART   0.355420  0.028710  0.119034  0.246145 -0.075661  0.476195  \n",
       "PRON   1.000000 -0.076545  0.367884  0.283847 -0.169444  0.537506  \n",
       "PROPN -0.076545  1.000000  0.161240 -0.167259  0.017437 -0.058884  \n",
       "PUNCT  0.367884  0.161240  1.000000 -0.125863 -0.010375  0.425398  \n",
       "SCONJ  0.283847 -0.167259 -0.125863  1.000000 -0.060387  0.312443  \n",
       "SYM   -0.169444  0.017437 -0.010375 -0.060387  1.000000 -0.117150  \n",
       "VERB   0.537506 -0.058884  0.425398  0.312443 -0.117150  1.000000  "
      ]
     },
     "execution_count": 9,
     "metadata": {},
     "output_type": "execute_result"
    }
   ],
   "source": [
    "pCorr"
   ]
  },
  {
   "cell_type": "code",
   "execution_count": 10,
   "id": "1cff6911",
   "metadata": {},
   "outputs": [],
   "source": [
    "currCols = [cols[i] for i in range(1,len(cols)-1)]"
   ]
  },
  {
   "cell_type": "code",
   "execution_count": 11,
   "id": "69a24c4e",
   "metadata": {},
   "outputs": [
    {
     "name": "stdout",
     "output_type": "stream",
     "text": [
      "           Sents    Values\n",
      "Sents   1.000000  0.357732\n",
      "Values  0.357732  1.000000\n",
      "           Words    Values\n",
      "Words   1.000000 -0.120652\n",
      "Values -0.120652  1.000000\n",
      "           C_W_C    Values\n",
      "C_W_C   1.000000 -0.490845\n",
      "Values -0.490845  1.000000\n",
      "             S_C    Values\n",
      "S_C     1.000000 -0.455607\n",
      "Values -0.455607  1.000000\n",
      "             ADJ    Values\n",
      "ADJ     1.000000 -0.238013\n",
      "Values -0.238013  1.000000\n",
      "             ADP    Values\n",
      "ADP     1.000000 -0.443499\n",
      "Values -0.443499  1.000000\n",
      "             ADV    Values\n",
      "ADV     1.000000  0.105781\n",
      "Values  0.105781  1.000000\n",
      "             AUX    Values\n",
      "AUX     1.000000  0.029233\n",
      "Values  0.029233  1.000000\n",
      "           CCONJ    Values\n",
      "CCONJ   1.000000  0.014322\n",
      "Values  0.014322  1.000000\n",
      "             DET    Values\n",
      "DET     1.000000 -0.216317\n",
      "Values -0.216317  1.000000\n",
      "            INTJ    Values\n",
      "INTJ    1.000000  0.223467\n",
      "Values  0.223467  1.000000\n",
      "            NOUN    Values\n",
      "NOUN    1.000000 -0.247965\n",
      "Values -0.247965  1.000000\n",
      "             NUM    Values\n",
      "NUM     1.000000 -0.143554\n",
      "Values -0.143554  1.000000\n",
      "            PART    Values\n",
      "PART    1.000000  0.202417\n",
      "Values  0.202417  1.000000\n",
      "            PRON    Values\n",
      "PRON    1.000000  0.314899\n",
      "Values  0.314899  1.000000\n",
      "           PROPN    Values\n",
      "PROPN   1.000000 -0.041869\n",
      "Values -0.041869  1.000000\n",
      "           PUNCT    Values\n",
      "PUNCT   1.000000  0.208008\n",
      "Values  0.208008  1.000000\n",
      "           SCONJ    Values\n",
      "SCONJ   1.000000  0.063196\n",
      "Values  0.063196  1.000000\n",
      "             SYM    Values\n",
      "SYM     1.000000 -0.066417\n",
      "Values -0.066417  1.000000\n",
      "            VERB    Values\n",
      "VERB    1.000000  0.356679\n",
      "Values  0.356679  1.000000\n"
     ]
    }
   ],
   "source": [
    "for column in currCols:\n",
    "    temp = dfPOS[column].to_frame().join(targetValues)\n",
    "    print(temp.corr(method='pearson'))"
   ]
  },
  {
   "cell_type": "code",
   "execution_count": 12,
   "id": "e2105a0f",
   "metadata": {},
   "outputs": [
    {
     "name": "stdout",
     "output_type": "stream",
     "text": [
      "           Sents    Values\n",
      "Sents   1.000000  0.356976\n",
      "Values  0.356976  1.000000\n",
      "           Words    Values\n",
      "Words   1.000000 -0.114061\n",
      "Values -0.114061  1.000000\n",
      "           C_W_C    Values\n",
      "C_W_C   1.000000 -0.507945\n",
      "Values -0.507945  1.000000\n",
      "             S_C    Values\n",
      "S_C     1.000000 -0.451144\n",
      "Values -0.451144  1.000000\n",
      "             ADJ    Values\n",
      "ADJ     1.000000 -0.244622\n",
      "Values -0.244622  1.000000\n",
      "             ADP    Values\n",
      "ADP     1.000000 -0.445923\n",
      "Values -0.445923  1.000000\n",
      "             ADV    Values\n",
      "ADV     1.000000  0.119014\n",
      "Values  0.119014  1.000000\n",
      "             AUX    Values\n",
      "AUX     1.000000  0.029198\n",
      "Values  0.029198  1.000000\n",
      "           CCONJ    Values\n",
      "CCONJ   1.000000  0.005472\n",
      "Values  0.005472  1.000000\n",
      "             DET    Values\n",
      "DET     1.000000 -0.209667\n",
      "Values -0.209667  1.000000\n",
      "            INTJ    Values\n",
      "INTJ    1.000000  0.253601\n",
      "Values  0.253601  1.000000\n",
      "            NOUN    Values\n",
      "NOUN    1.000000 -0.250892\n",
      "Values -0.250892  1.000000\n",
      "             NUM    Values\n",
      "NUM     1.000000 -0.095804\n",
      "Values -0.095804  1.000000\n",
      "            PART    Values\n",
      "PART    1.000000  0.207073\n",
      "Values  0.207073  1.000000\n",
      "            PRON    Values\n",
      "PRON    1.000000  0.318632\n",
      "Values  0.318632  1.000000\n",
      "           PROPN    Values\n",
      "PROPN   1.000000 -0.030771\n",
      "Values -0.030771  1.000000\n",
      "          PUNCT   Values\n",
      "PUNCT   1.00000  0.17925\n",
      "Values  0.17925  1.00000\n",
      "           SCONJ    Values\n",
      "SCONJ   1.000000  0.067691\n",
      "Values  0.067691  1.000000\n",
      "             SYM    Values\n",
      "SYM     1.000000 -0.074001\n",
      "Values -0.074001  1.000000\n",
      "            VERB    Values\n",
      "VERB    1.000000  0.358587\n",
      "Values  0.358587  1.000000\n"
     ]
    }
   ],
   "source": [
    "for column in currCols:\n",
    "    temp = dfPOS[column].to_frame().join(targetValues)\n",
    "    print(temp.corr(method='spearman'))"
   ]
  },
  {
   "cell_type": "code",
   "execution_count": 13,
   "id": "39934400",
   "metadata": {},
   "outputs": [
    {
     "data": {
