{
 "cells": [
  {
   "cell_type": "code",
   "execution_count": 1,
   "id": "dcdbeff2",
   "metadata": {},
   "outputs": [],
   "source": [
    "%load_ext autoreload\n",
    "%autoreload 2\n",
    "%matplotlib inline"
   ]
  },
  {
   "cell_type": "code",
   "execution_count": 2,
   "id": "a7ca2f3f",
   "metadata": {},
   "outputs": [],
   "source": [
    "from sklearn.model_selection import cross_val_score\n",
    "from sklearn.metrics import mean_squared_error, r2_score\n",
    "from sklearn.pipeline import Pipeline"
   ]
  },
  {
   "cell_type": "code",
   "execution_count": 3,
   "id": "162df93a",
   "metadata": {},
   "outputs": [],
   "source": [
    "from sklearn.preprocessing import StandardScaler\n",
    "from sklearn.linear_model import LinearRegression\n",
    "from sklearn.linear_model import SGDRegressor\n",
    "from sklearn.tree import DecisionTreeRegressor\n",
    "from sklearn.ensemble import GradientBoostingRegressor\n",
    "from sklearn.ensemble import RandomForestRegressor\n",
    "from sklearn.model_selection import cross_val_score\n",
    "from sklearn.metrics import mean_squared_error, r2_score\n",
    "from sklearn.decomposition import PCA\n",
    "from sklearn.model_selection import GridSearchCV"
   ]
  },
  {
   "cell_type": "code",
   "execution_count": 4,
   "id": "32a2d65f",
   "metadata": {},
   "outputs": [],
   "source": [
    "import pandas as pd\n",
    "import numpy as np\n",
    "import matplotlib.pyplot as plt"
   ]
  },
  {
   "cell_type": "code",
   "execution_count": 5,
   "id": "8b9774a2",
   "metadata": {},
   "outputs": [],
   "source": [
    "dfTrain = pd.read_csv('../Data/train.csv', encoding = 'utf-8', lineterminator=\"\\n\")"
   ]
  },
  {
   "cell_type": "code",
   "execution_count": 6,
   "id": "6dfc8d90",
   "metadata": {},
   "outputs": [],
   "source": [
    "dfPOS = pd.read_csv('../Data/POS_Columns.csv', encoding = 'utf-8', lineterminator=\"\\n\")"
   ]
  },
  {
   "cell_type": "code",
   "execution_count": 7,
   "id": "9470d71b",
   "metadata": {},
   "outputs": [],
   "source": [
    "dfPOS.columns = ['Index', 'Sentences', 'Words', 'C_W_C', 'S_C',\n",
    "                'ADJ', 'ADP', 'ADV', 'AUX', 'CCONJ', 'DET','INTJ', 'NOUN', \n",
    "                'NUM', 'PART', 'PRON','PROPN', 'PUNCT','SCONJ','SYM','VERB','X']\n",
    "dfPOS = dfPOS.drop(['Index'], axis = 1)\n",
    "dfPOS = dfPOS.drop(['X'], axis = 1)"
   ]
  },
  {
   "cell_type": "code",
   "execution_count": 8,
   "id": "120422da",
   "metadata": {},
   "outputs": [],
   "source": [
    "def histogram_intersection(a, b):\n",
    "    v = np.minimum(a, b).sum().round(decimals=1)\n",
    "    return v"
   ]
  },
  {
   "cell_type": "code",
   "execution_count": 9,
   "id": "5050d8d0",
   "metadata": {},
   "outputs": [],
   "source": [
    "pCorr = dfPOS.corr(method='pearson')"
   ]
  },
  {
   "cell_type": "code",
   "execution_count": 10,
   "id": "9b762103",
   "metadata": {},
   "outputs": [
    {
     "data": {
      "text/html": [
       "<div>\n",
       "<style scoped>\n",
       "    .dataframe tbody tr th:only-of-type {\n",
       "        vertical-align: middle;\n",
       "    }\n",
       "\n",
       "    .dataframe tbody tr th {\n",
       "        vertical-align: top;\n",
       "    }\n",
       "\n",
       "    .dataframe thead th {\n",
       "        text-align: right;\n",
       "    }\n",
       "</style>\n",
       "<table border=\"1\" class=\"dataframe\">\n",
       "  <thead>\n",
       "    <tr style=\"text-align: right;\">\n",
       "      <th></th>\n",
       "      <th>Sentences</th>\n",
       "      <th>Words</th>\n",
       "      <th>C_W_C</th>\n",
       "      <th>S_C</th>\n",
       "      <th>ADJ</th>\n",
       "      <th>ADP</th>\n",
       "      <th>ADV</th>\n",
       "      <th>AUX</th>\n",
       "      <th>CCONJ</th>\n",
       "      <th>DET</th>\n",
       "      <th>INTJ</th>\n",
       "      <th>NOUN</th>\n",
       "      <th>NUM</th>\n",
       "      <th>PART</th>\n",
       "      <th>PRON</th>\n",
       "      <th>PROPN</th>\n",
       "      <th>PUNCT</th>\n",
       "      <th>SCONJ</th>\n",
       "      <th>SYM</th>\n",
       "      <th>VERB</th>\n",
       "    </tr>\n",
       "  </thead>\n",
       "  <tbody>\n",
       "    <tr>\n",
       "      <th>Sentences</th>\n",
       "      <td>1.000000</td>\n",
       "      <td>0.246253</td>\n",
       "      <td>-0.172172</td>\n",
       "      <td>-0.013029</td>\n",
       "      <td>-0.111711</td>\n",
       "      <td>-0.324174</td>\n",
       "      <td>0.043229</td>\n",
       "      <td>0.223342</td>\n",
       "      <td>-0.180789</td>\n",
       "      <td>-0.076608</td>\n",
       "      <td>0.265827</td>\n",
       "      <td>0.034673</td>\n",
       "      <td>0.001979</td>\n",
       "      <td>0.210081</td>\n",
       "      <td>0.252799</td>\n",
       "      <td>0.141487</td>\n",
       "      <td>0.508842</td>\n",
       "      <td>-0.155351</td>\n",
       "      <td>0.003420</td>\n",
       "      <td>0.456046</td>\n",
       "    </tr>\n",
       "    <tr>\n",
       "      <th>Words</th>\n",
       "      <td>0.246253</td>\n",
       "      <td>1.000000</td>\n",
       "      <td>0.117852</td>\n",
       "      <td>0.606382</td>\n",
       "      <td>0.195407</td>\n",
       "      <td>0.335980</td>\n",
       "      <td>0.265731</td>\n",
       "      <td>0.293300</td>\n",
       "      <td>0.198870</td>\n",
       "      <td>0.328431</td>\n",
       "      <td>0.079937</td>\n",
       "      <td>0.296995</td>\n",
       "      <td>0.081913</td>\n",
       "      <td>0.210678</td>\n",
       "      <td>0.242022</td>\n",
       "      <td>0.055043</td>\n",
       "      <td>0.307742</td>\n",
       "      <td>0.199152</td>\n",
       "      <td>0.027631</td>\n",
       "      <td>0.392869</td>\n",
       "    </tr>\n",
       "    <tr>\n",
       "      <th>C_W_C</th>\n",
       "      <td>-0.172172</td>\n",
       "      <td>0.117852</td>\n",
       "      <td>1.000000</td>\n",
       "      <td>0.827403</td>\n",
       "      <td>0.425889</td>\n",
       "      <td>0.299289</td>\n",
       "      <td>-0.219754</td>\n",
       "      <td>-0.005326</td>\n",
       "      <td>-0.119131</td>\n",
       "      <td>0.090916</td>\n",
       "      <td>-0.263091</td>\n",
       "      <td>0.540588</td>\n",
       "      <td>0.091749</td>\n",
       "      <td>-0.163032</td>\n",
       "      <td>-0.531716</td>\n",
       "      <td>0.007983</td>\n",
       "      <td>-0.246193</td>\n",
       "      <td>-0.092147</td>\n",
       "      <td>0.134699</td>\n",
       "      <td>-0.307361</td>\n",
       "    </tr>\n",
       "    <tr>\n",
       "      <th>S_C</th>\n",
       "      <td>-0.013029</td>\n",
       "      <td>0.606382</td>\n",
       "      <td>0.827403</td>\n",
       "      <td>1.000000</td>\n",
       "      <td>0.471324</td>\n",
       "      <td>0.425044</td>\n",
       "      <td>-0.042571</td>\n",
       "      <td>0.113889</td>\n",
       "      <td>0.010496</td>\n",
       "      <td>0.247594</td>\n",
       "      <td>-0.182929</td>\n",
       "      <td>0.611888</td>\n",
       "      <td>0.130675</td>\n",
       "      <td>-0.058851</td>\n",
       "      <td>-0.346052</td>\n",
       "      <td>0.045041</td>\n",
       "      <td>-0.041323</td>\n",
       "      <td>0.008125</td>\n",
       "      <td>0.119011</td>\n",
       "      <td>-0.047118</td>\n",
       "    </tr>\n",
       "    <tr>\n",
       "      <th>ADJ</th>\n",
       "      <td>-0.111711</td>\n",
       "      <td>0.195407</td>\n",
       "      <td>0.425889</td>\n",
       "      <td>0.471324</td>\n",
       "      <td>1.000000</td>\n",
       "      <td>0.190039</td>\n",
       "      <td>-0.068978</td>\n",
       "      <td>-0.014330</td>\n",
       "      <td>0.064155</td>\n",
       "      <td>0.056729</td>\n",
       "      <td>-0.143466</td>\n",
       "      <td>0.291807</td>\n",
       "      <td>0.028198</td>\n",
       "      <td>-0.214705</td>\n",
       "      <td>-0.327493</td>\n",
       "      <td>-0.066487</td>\n",
       "      <td>-0.103678</td>\n",
       "      <td>-0.145838</td>\n",
       "      <td>0.064087</td>\n",
       "      <td>-0.367961</td>\n",
       "    </tr>\n",
       "    <tr>\n",
       "      <th>ADP</th>\n",
       "      <td>-0.324174</td>\n",
       "      <td>0.335980</td>\n",
       "      <td>0.299289</td>\n",
       "      <td>0.425044</td>\n",
       "      <td>0.190039</td>\n",
       "      <td>1.000000</td>\n",
       "      <td>-0.128090</td>\n",
       "      <td>-0.178734</td>\n",
       "      <td>-0.021836</td>\n",
       "      <td>0.402948</td>\n",
       "      <td>-0.217973</td>\n",
       "      <td>0.332543</td>\n",
       "      <td>0.185291</td>\n",
       "      <td>-0.310495</td>\n",
       "      <td>-0.308484</td>\n",
       "      <td>0.042173</td>\n",
       "      <td>-0.245940</td>\n",
       "      <td>-0.173484</td>\n",
       "      <td>0.060652</td>\n",
       "      <td>-0.358274</td>\n",
       "    </tr>\n",
       "    <tr>\n",
       "      <th>ADV</th>\n",
       "      <td>0.043229</td>\n",
       "      <td>0.265731</td>\n",
       "      <td>-0.219754</td>\n",
       "      <td>-0.042571</td>\n",
       "      <td>-0.068978</td>\n",
       "      <td>-0.128090</td>\n",
       "      <td>1.000000</td>\n",
       "      <td>0.174791</td>\n",
       "      <td>0.164826</td>\n",
       "      <td>-0.156129</td>\n",
       "      <td>0.151865</td>\n",
       "      <td>-0.308559</td>\n",
       "      <td>-0.074431</td>\n",
       "      <td>0.135882</td>\n",
       "      <td>0.344881</td>\n",
       "      <td>-0.115519</td>\n",
       "      <td>0.199838</td>\n",
       "      <td>0.241404</td>\n",
       "      <td>-0.058837</td>\n",
       "      <td>0.228901</td>\n",
       "    </tr>\n",
       "    <tr>\n",
       "      <th>AUX</th>\n",
       "      <td>0.223342</td>\n",
       "      <td>0.293300</td>\n",
       "      <td>-0.005326</td>\n",
       "      <td>0.113889</td>\n",
       "      <td>-0.014330</td>\n",
       "      <td>-0.178734</td>\n",
       "      <td>0.174791</td>\n",
       "      <td>1.000000</td>\n",
       "      <td>-0.108271</td>\n",
       "      <td>-0.088659</td>\n",
       "      <td>0.095186</td>\n",
       "      <td>-0.098632</td>\n",
       "      <td>-0.070132</td>\n",
       "      <td>0.222018</td>\n",
       "      <td>0.223002</td>\n",
       "      <td>-0.064983</td>\n",
       "      <td>0.100880</td>\n",
       "      <td>0.254378</td>\n",
       "      <td>0.000528</td>\n",
       "      <td>0.100590</td>\n",
       "    </tr>\n",
       "    <tr>\n",
       "      <th>CCONJ</th>\n",
       "      <td>-0.180789</td>\n",
       "      <td>0.198870</td>\n",
       "      <td>-0.119131</td>\n",
       "      <td>0.010496</td>\n",
       "      <td>0.064155</td>\n",
       "      <td>-0.021836</td>\n",
       "      <td>0.164826</td>\n",
       "      <td>-0.108271</td>\n",
       "      <td>1.000000</td>\n",
       "      <td>-0.097513</td>\n",
       "      <td>0.020034</td>\n",
       "      <td>-0.002898</td>\n",
       "      <td>-0.105526</td>\n",
       "      <td>-0.047073</td>\n",
       "      <td>0.111496</td>\n",
       "      <td>-0.072595</td>\n",
       "      <td>0.100358</td>\n",
       "      <td>-0.053034</td>\n",
       "      <td>-0.081403</td>\n",
       "      <td>0.065927</td>\n",
       "    </tr>\n",
       "    <tr>\n",
       "      <th>DET</th>\n",
       "      <td>-0.076608</td>\n",
       "      <td>0.328431</td>\n",
       "      <td>0.090916</td>\n",
       "      <td>0.247594</td>\n",
       "      <td>0.056729</td>\n",
       "      <td>0.402948</td>\n",
       "      <td>-0.156129</td>\n",
       "      <td>-0.088659</td>\n",
       "      <td>-0.097513</td>\n",
       "      <td>1.000000</td>\n",
       "      <td>-0.112179</td>\n",
       "      <td>0.296673</td>\n",
       "      <td>0.048804</td>\n",
       "      <td>-0.226566</td>\n",
       "      <td>-0.312937</td>\n",
       "      <td>-0.042902</td>\n",
       "      <td>-0.115700</td>\n",
       "      <td>-0.112371</td>\n",
       "      <td>-0.029925</td>\n",
       "      <td>-0.127061</td>\n",
       "    </tr>\n",
       "    <tr>\n",
       "      <th>INTJ</th>\n",
       "      <td>0.265827</td>\n",
       "      <td>0.079937</td>\n",
       "      <td>-0.263091</td>\n",
       "      <td>-0.182929</td>\n",
       "      <td>-0.143466</td>\n",
       "      <td>-0.217973</td>\n",
       "      <td>0.151865</td>\n",
       "      <td>0.095186</td>\n",
       "      <td>0.020034</td>\n",
       "      <td>-0.112179</td>\n",
       "      <td>1.000000</td>\n",
       "      <td>-0.227616</td>\n",
       "      <td>-0.073534</td>\n",
       "      <td>0.121812</td>\n",
       "      <td>0.303240</td>\n",
       "      <td>0.051272</td>\n",
       "      <td>0.480196</td>\n",
       "      <td>-0.016585</td>\n",
       "      <td>-0.041318</td>\n",
       "      <td>0.274412</td>\n",
       "    </tr>\n",
       "    <tr>\n",
       "      <th>NOUN</th>\n",
       "      <td>0.034673</td>\n",
       "      <td>0.296995</td>\n",
       "      <td>0.540588</td>\n",
       "      <td>0.611888</td>\n",
       "      <td>0.291807</td>\n",
       "      <td>0.332543</td>\n",
       "      <td>-0.308559</td>\n",
       "      <td>-0.098632</td>\n",
       "      <td>-0.002898</td>\n",
       "      <td>0.296673</td>\n",
       "      <td>-0.227616</td>\n",
       "      <td>1.000000</td>\n",
       "      <td>0.092788</td>\n",
       "      <td>-0.226290</td>\n",
       "      <td>-0.527665</td>\n",
       "      <td>-0.343424</td>\n",
       "      <td>-0.081853</td>\n",
       "      <td>-0.194810</td>\n",
       "      <td>0.126286</td>\n",
       "      <td>-0.191376</td>\n",
       "    </tr>\n",
       "    <tr>\n",
       "      <th>NUM</th>\n",
       "      <td>0.001979</td>\n",
       "      <td>0.081913</td>\n",
       "      <td>0.091749</td>\n",
       "      <td>0.130675</td>\n",
       "      <td>0.028198</td>\n",
       "      <td>0.185291</td>\n",
       "      <td>-0.074431</td>\n",
       "      <td>-0.070132</td>\n",
       "      <td>-0.105526</td>\n",
       "      <td>0.048804</td>\n",
       "      <td>-0.073534</td>\n",
       "      <td>0.092788</td>\n",
       "      <td>1.000000</td>\n",
       "      <td>-0.185360</td>\n",
       "      <td>-0.256302</td>\n",
       "      <td>0.177839</td>\n",
       "      <td>0.015676</td>\n",
       "      <td>-0.139644</td>\n",
       "      <td>0.367256</td>\n",
       "      <td>-0.205047</td>\n",
       "    </tr>\n",
       "    <tr>\n",
       "      <th>PART</th>\n",
       "      <td>0.210081</td>\n",
       "      <td>0.210678</td>\n",
       "      <td>-0.163032</td>\n",
       "      <td>-0.058851</td>\n",
       "      <td>-0.214705</td>\n",
       "      <td>-0.310495</td>\n",
       "      <td>0.135882</td>\n",
       "      <td>0.222018</td>\n",
       "      <td>-0.047073</td>\n",
       "      <td>-0.226566</td>\n",
       "      <td>0.121812</td>\n",
       "      <td>-0.226290</td>\n",
       "      <td>-0.185360</td>\n",
       "      <td>1.000000</td>\n",
       "      <td>0.355420</td>\n",
       "      <td>0.028710</td>\n",
       "      <td>0.119034</td>\n",
       "      <td>0.246145</td>\n",
       "      <td>-0.075661</td>\n",
       "      <td>0.476195</td>\n",
       "    </tr>\n",
       "    <tr>\n",
       "      <th>PRON</th>\n",
       "      <td>0.252799</td>\n",
       "      <td>0.242022</td>\n",
       "      <td>-0.531716</td>\n",
       "      <td>-0.346052</td>\n",
       "      <td>-0.327493</td>\n",
       "      <td>-0.308484</td>\n",
       "      <td>0.344881</td>\n",
       "      <td>0.223002</td>\n",
       "      <td>0.111496</td>\n",
       "      <td>-0.312937</td>\n",
       "      <td>0.303240</td>\n",
       "      <td>-0.527665</td>\n",
       "      <td>-0.256302</td>\n",
       "      <td>0.355420</td>\n",
       "      <td>1.000000</td>\n",
       "      <td>-0.076545</td>\n",
       "      <td>0.367884</td>\n",
       "      <td>0.283847</td>\n",
       "      <td>-0.169444</td>\n",
       "      <td>0.537506</td>\n",
       "    </tr>\n",
       "    <tr>\n",
       "      <th>PROPN</th>\n",
       "      <td>0.141487</td>\n",
       "      <td>0.055043</td>\n",
       "      <td>0.007983</td>\n",
       "      <td>0.045041</td>\n",
       "      <td>-0.066487</td>\n",
       "      <td>0.042173</td>\n",
       "      <td>-0.115519</td>\n",
       "      <td>-0.064983</td>\n",
       "      <td>-0.072595</td>\n",
       "      <td>-0.042902</td>\n",
       "      <td>0.051272</td>\n",
       "      <td>-0.343424</td>\n",
       "      <td>0.177839</td>\n",
       "      <td>0.028710</td>\n",
       "      <td>-0.076545</td>\n",
       "      <td>1.000000</td>\n",
       "      <td>0.161240</td>\n",
       "      <td>-0.167259</td>\n",
       "      <td>0.017437</td>\n",
       "      <td>-0.058884</td>\n",
       "    </tr>\n",
       "    <tr>\n",
       "      <th>PUNCT</th>\n",
       "      <td>0.508842</td>\n",
       "      <td>0.307742</td>\n",
       "      <td>-0.246193</td>\n",
       "      <td>-0.041323</td>\n",
       "      <td>-0.103678</td>\n",
       "      <td>-0.245940</td>\n",
       "      <td>0.199838</td>\n",
       "      <td>0.100880</td>\n",
       "      <td>0.100358</td>\n",
       "      <td>-0.115700</td>\n",
       "      <td>0.480196</td>\n",
       "      <td>-0.081853</td>\n",
       "      <td>0.015676</td>\n",
       "      <td>0.119034</td>\n",
       "      <td>0.367884</td>\n",
       "      <td>0.161240</td>\n",
       "      <td>1.000000</td>\n",
       "      <td>-0.125863</td>\n",
       "      <td>-0.010375</td>\n",
       "      <td>0.425398</td>\n",
       "    </tr>\n",
       "    <tr>\n",
       "      <th>SCONJ</th>\n",
       "      <td>-0.155351</td>\n",
       "      <td>0.199152</td>\n",
       "      <td>-0.092147</td>\n",
       "      <td>0.008125</td>\n",
       "      <td>-0.145838</td>\n",
       "      <td>-0.173484</td>\n",
       "      <td>0.241404</td>\n",
       "      <td>0.254378</td>\n",
       "      <td>-0.053034</td>\n",
       "      <td>-0.112371</td>\n",
       "      <td>-0.016585</td>\n",
       "      <td>-0.194810</td>\n",
       "      <td>-0.139644</td>\n",
       "      <td>0.246145</td>\n",
       "      <td>0.283847</td>\n",
       "      <td>-0.167259</td>\n",
       "      <td>-0.125863</td>\n",
       "      <td>1.000000</td>\n",
       "      <td>-0.060387</td>\n",
       "      <td>0.312443</td>\n",
       "    </tr>\n",
       "    <tr>\n",
       "      <th>SYM</th>\n",
       "      <td>0.003420</td>\n",
       "      <td>0.027631</td>\n",
       "      <td>0.134699</td>\n",
       "      <td>0.119011</td>\n",
       "      <td>0.064087</td>\n",
       "      <td>0.060652</td>\n",
       "      <td>-0.058837</td>\n",
       "      <td>0.000528</td>\n",
       "      <td>-0.081403</td>\n",
       "      <td>-0.029925</td>\n",
       "      <td>-0.041318</td>\n",
       "      <td>0.126286</td>\n",
       "      <td>0.367256</td>\n",
       "      <td>-0.075661</td>\n",
       "      <td>-0.169444</td>\n",
       "      <td>0.017437</td>\n",
       "      <td>-0.010375</td>\n",
       "      <td>-0.060387</td>\n",
       "      <td>1.000000</td>\n",
       "      <td>-0.117150</td>\n",
       "    </tr>\n",
       "    <tr>\n",
       "      <th>VERB</th>\n",
       "      <td>0.456046</td>\n",
       "      <td>0.392869</td>\n",
       "      <td>-0.307361</td>\n",
       "      <td>-0.047118</td>\n",
       "      <td>-0.367961</td>\n",
       "      <td>-0.358274</td>\n",
       "      <td>0.228901</td>\n",
       "      <td>0.100590</td>\n",
       "      <td>0.065927</td>\n",
       "      <td>-0.127061</td>\n",
       "      <td>0.274412</td>\n",
       "      <td>-0.191376</td>\n",
       "      <td>-0.205047</td>\n",
       "      <td>0.476195</td>\n",
       "      <td>0.537506</td>\n",
       "      <td>-0.058884</td>\n",
       "      <td>0.425398</td>\n",
       "      <td>0.312443</td>\n",
       "      <td>-0.117150</td>\n",
       "      <td>1.000000</td>\n",
       "    </tr>\n",
       "  </tbody>\n",
       "</table>\n",
       "</div>"
      ],
      "text/plain": [
       "           Sentences     Words     C_W_C       S_C       ADJ       ADP  \\\n",
       "Sentences   1.000000  0.246253 -0.172172 -0.013029 -0.111711 -0.324174   \n",
       "Words       0.246253  1.000000  0.117852  0.606382  0.195407  0.335980   \n",
       "C_W_C      -0.172172  0.117852  1.000000  0.827403  0.425889  0.299289   \n",
       "S_C        -0.013029  0.606382  0.827403  1.000000  0.471324  0.425044   \n",
       "ADJ        -0.111711  0.195407  0.425889  0.471324  1.000000  0.190039   \n",
       "ADP        -0.324174  0.335980  0.299289  0.425044  0.190039  1.000000   \n",
       "ADV         0.043229  0.265731 -0.219754 -0.042571 -0.068978 -0.128090   \n",
       "AUX         0.223342  0.293300 -0.005326  0.113889 -0.014330 -0.178734   \n",
       "CCONJ      -0.180789  0.198870 -0.119131  0.010496  0.064155 -0.021836   \n",
       "DET        -0.076608  0.328431  0.090916  0.247594  0.056729  0.402948   \n",
       "INTJ        0.265827  0.079937 -0.263091 -0.182929 -0.143466 -0.217973   \n",
       "NOUN        0.034673  0.296995  0.540588  0.611888  0.291807  0.332543   \n",
       "NUM         0.001979  0.081913  0.091749  0.130675  0.028198  0.185291   \n",
       "PART        0.210081  0.210678 -0.163032 -0.058851 -0.214705 -0.310495   \n",
       "PRON        0.252799  0.242022 -0.531716 -0.346052 -0.327493 -0.308484   \n",
       "PROPN       0.141487  0.055043  0.007983  0.045041 -0.066487  0.042173   \n",
       "PUNCT       0.508842  0.307742 -0.246193 -0.041323 -0.103678 -0.245940   \n",
       "SCONJ      -0.155351  0.199152 -0.092147  0.008125 -0.145838 -0.173484   \n",
       "SYM         0.003420  0.027631  0.134699  0.119011  0.064087  0.060652   \n",
       "VERB        0.456046  0.392869 -0.307361 -0.047118 -0.367961 -0.358274   \n",
       "\n",
       "                ADV       AUX     CCONJ       DET      INTJ      NOUN  \\\n",
       "Sentences  0.043229  0.223342 -0.180789 -0.076608  0.265827  0.034673   \n",
       "Words      0.265731  0.293300  0.198870  0.328431  0.079937  0.296995   \n",
       "C_W_C     -0.219754 -0.005326 -0.119131  0.090916 -0.263091  0.540588   \n",
       "S_C       -0.042571  0.113889  0.010496  0.247594 -0.182929  0.611888   \n",
       "ADJ       -0.068978 -0.014330  0.064155  0.056729 -0.143466  0.291807   \n",
       "ADP       -0.128090 -0.178734 -0.021836  0.402948 -0.217973  0.332543   \n",
       "ADV        1.000000  0.174791  0.164826 -0.156129  0.151865 -0.308559   \n",
       "AUX        0.174791  1.000000 -0.108271 -0.088659  0.095186 -0.098632   \n",
       "CCONJ      0.164826 -0.108271  1.000000 -0.097513  0.020034 -0.002898   \n",
       "DET       -0.156129 -0.088659 -0.097513  1.000000 -0.112179  0.296673   \n",
       "INTJ       0.151865  0.095186  0.020034 -0.112179  1.000000 -0.227616   \n",
       "NOUN      -0.308559 -0.098632 -0.002898  0.296673 -0.227616  1.000000   \n",
       "NUM       -0.074431 -0.070132 -0.105526  0.048804 -0.073534  0.092788   \n",
       "PART       0.135882  0.222018 -0.047073 -0.226566  0.121812 -0.226290   \n",
       "PRON       0.344881  0.223002  0.111496 -0.312937  0.303240 -0.527665   \n",
       "PROPN     -0.115519 -0.064983 -0.072595 -0.042902  0.051272 -0.343424   \n",
       "PUNCT      0.199838  0.100880  0.100358 -0.115700  0.480196 -0.081853   \n",
       "SCONJ      0.241404  0.254378 -0.053034 -0.112371 -0.016585 -0.194810   \n",
       "SYM       -0.058837  0.000528 -0.081403 -0.029925 -0.041318  0.126286   \n",
       "VERB       0.228901  0.100590  0.065927 -0.127061  0.274412 -0.191376   \n",
       "\n",
       "                NUM      PART      PRON     PROPN     PUNCT     SCONJ  \\\n",
       "Sentences  0.001979  0.210081  0.252799  0.141487  0.508842 -0.155351   \n",
       "Words      0.081913  0.210678  0.242022  0.055043  0.307742  0.199152   \n",
       "C_W_C      0.091749 -0.163032 -0.531716  0.007983 -0.246193 -0.092147   \n",
       "S_C        0.130675 -0.058851 -0.346052  0.045041 -0.041323  0.008125   \n",
       "ADJ        0.028198 -0.214705 -0.327493 -0.066487 -0.103678 -0.145838   \n",
       "ADP        0.185291 -0.310495 -0.308484  0.042173 -0.245940 -0.173484   \n",
       "ADV       -0.074431  0.135882  0.344881 -0.115519  0.199838  0.241404   \n",
       "AUX       -0.070132  0.222018  0.223002 -0.064983  0.100880  0.254378   \n",
       "CCONJ     -0.105526 -0.047073  0.111496 -0.072595  0.100358 -0.053034   \n",
       "DET        0.048804 -0.226566 -0.312937 -0.042902 -0.115700 -0.112371   \n",
       "INTJ      -0.073534  0.121812  0.303240  0.051272  0.480196 -0.016585   \n",
       "NOUN       0.092788 -0.226290 -0.527665 -0.343424 -0.081853 -0.194810   \n",
       "NUM        1.000000 -0.185360 -0.256302  0.177839  0.015676 -0.139644   \n",
       "PART      -0.185360  1.000000  0.355420  0.028710  0.119034  0.246145   \n",
       "PRON      -0.256302  0.355420  1.000000 -0.076545  0.367884  0.283847   \n",
       "PROPN      0.177839  0.028710 -0.076545  1.000000  0.161240 -0.167259   \n",
       "PUNCT      0.015676  0.119034  0.367884  0.161240  1.000000 -0.125863   \n",
       "SCONJ     -0.139644  0.246145  0.283847 -0.167259 -0.125863  1.000000   \n",
       "SYM        0.367256 -0.075661 -0.169444  0.017437 -0.010375 -0.060387   \n",
       "VERB      -0.205047  0.476195  0.537506 -0.058884  0.425398  0.312443   \n",
       "\n",
       "                SYM      VERB  \n",
       "Sentences  0.003420  0.456046  \n",
       "Words      0.027631  0.392869  \n",
       "C_W_C      0.134699 -0.307361  \n",
       "S_C        0.119011 -0.047118  \n",
       "ADJ        0.064087 -0.367961  \n",
       "ADP        0.060652 -0.358274  \n",
       "ADV       -0.058837  0.228901  \n",
       "AUX        0.000528  0.100590  \n",
       "CCONJ     -0.081403  0.065927  \n",
       "DET       -0.029925 -0.127061  \n",
       "INTJ      -0.041318  0.274412  \n",
       "NOUN       0.126286 -0.191376  \n",
       "NUM        0.367256 -0.205047  \n",
       "PART      -0.075661  0.476195  \n",
       "PRON      -0.169444  0.537506  \n",
       "PROPN      0.017437 -0.058884  \n",
       "PUNCT     -0.010375  0.425398  \n",
       "SCONJ     -0.060387  0.312443  \n",
       "SYM        1.000000 -0.117150  \n",
       "VERB      -0.117150  1.000000  "
      ]
     },
     "execution_count": 10,
     "metadata": {},
     "output_type": "execute_result"
    }
   ],
   "source": [
    "pCorr"
   ]
  },
  {
   "cell_type": "code",
   "execution_count": 11,
   "id": "d59cb33e",
   "metadata": {},
   "outputs": [],
   "source": [
    "pca = PCA()"
   ]
  },
  {
   "cell_type": "code",
   "execution_count": 12,
   "id": "49c1f2ae",
   "metadata": {},
   "outputs": [
    {
     "data": {
      "text/plain": [
       "PCA()"
      ]
     },
     "execution_count": 12,
     "metadata": {},
     "output_type": "execute_result"
    }
   ],
   "source": [
    "pca.fit(dfPOS)"
   ]
  },
  {
   "cell_type": "code",
   "execution_count": 13,
   "id": "261089b2",
   "metadata": {},
   "outputs": [
    {
     "data": {
      "text/plain": [
       "array([7.27708369e-01, 1.16977157e-01, 3.73536018e-02, 2.90357406e-02,\n",
       "       2.34261353e-02, 1.27520634e-02, 9.49156129e-03, 8.83920452e-03,\n",
       "       7.33922961e-03, 6.53613755e-03, 4.66518451e-03, 3.91811535e-03,\n",
       "       3.10113536e-03, 2.92708966e-03, 2.72735427e-03, 1.72924491e-03,\n",
       "       1.24016922e-03, 1.40142794e-04, 8.97868270e-05, 2.57728039e-06])"
      ]
     },
     "execution_count": 13,
     "metadata": {},
     "output_type": "execute_result"
    }
   ],
   "source": [
    "pca.explained_variance_ratio_"
   ]
  },
  {
   "cell_type": "code",
   "execution_count": 14,
   "id": "3d1931f4",
   "metadata": {},
   "outputs": [],
   "source": [
    "PCR = Pipeline(steps =[('scaler', StandardScaler()), ('pca', PCA(n_components=3)), ('linear_regressor',  LinearRegression())])"
   ]
  },
  {
   "cell_type": "code",
   "execution_count": 15,
   "id": "01fd0913",
   "metadata": {},
   "outputs": [
    {
     "data": {
      "text/plain": [
       "Pipeline(steps=[('scaler', StandardScaler()), ('pca', PCA(n_components=3)),\n",
       "                ('linear_regressor', LinearRegression())])"
      ]
     },
     "execution_count": 15,
     "metadata": {},
     "output_type": "execute_result"
    }
   ],
   "source": [
    "PCR.fit(dfPOS, dfTrain['target'].values)"
   ]
  },
  {
   "cell_type": "code",
   "execution_count": 16,
   "id": "dafda6f6",
   "metadata": {},
   "outputs": [],
   "source": [
    "pca_scores = cross_val_score(PCR, dfPOS, dfTrain['target'].values, scoring=\"neg_mean_absolute_error\", cv=10)"
   ]
  },
  {
   "cell_type": "code",
   "execution_count": 17,
   "id": "4aab4179",
   "metadata": {},
   "outputs": [
    {
     "data": {
      "text/plain": [
       "(array([0.6128189 , 0.73634329, 0.88110804, 0.77241721, 0.71368491,\n",
       "        0.72926322, 0.7535235 , 0.74634126, 0.54135403, 0.71990979]),\n",
       " 0.7206764138339035,\n",
       " 0.08620408749463367)"
      ]
     },
     "execution_count": 17,
     "metadata": {},
     "output_type": "execute_result"
    }
   ],
   "source": [
    "-pca_scores, -pca_scores.mean(), pca_scores.std()"
   ]
  },
  {
   "cell_type": "code",
   "execution_count": 18,
   "id": "128610c3",
   "metadata": {},
   "outputs": [],
   "source": [
    "param_grid = {\n",
    "    \"pca__n_components\": [1, 5, 10, 15, 20],\n",
    "}"
   ]
  },
  {
   "cell_type": "code",
   "execution_count": 19,
   "id": "452030d3",
   "metadata": {},
   "outputs": [],
   "source": [
    "search = GridSearchCV(PCR, param_grid, scoring=\"neg_mean_absolute_error\", cv=10)"
   ]
  },
  {
   "cell_type": "code",
   "execution_count": 20,
   "id": "50c299a3",
   "metadata": {},
   "outputs": [
    {
     "name": "stdout",
     "output_type": "stream",
     "text": [
      "Best parameter (CV score=-0.655):\n",
      "{'pca__n_components': 20}\n"
     ]
    },
    {
     "data": {
      "text/plain": [
       "{'mean_fit_time': array([0.01274955, 0.01130023, 0.01389959, 0.01500003, 0.00889924]),\n",
       " 'std_fit_time': array([0.00167712, 0.00045863, 0.00113573, 0.00077455, 0.00029994]),\n",
       " 'mean_score_time': array([0.00130541, 0.00139964, 0.00130055, 0.00139987, 0.00130095]),\n",
       " 'std_score_time': array([0.00046653, 0.00048954, 0.00045812, 0.00048824, 0.00045801]),\n",
       " 'param_pca__n_components': masked_array(data=[1, 5, 10, 15, 20],\n",
       "              mask=[False, False, False, False, False],\n",
       "        fill_value='?',\n",
       "             dtype=object),\n",
       " 'params': [{'pca__n_components': 1},\n",
       "  {'pca__n_components': 5},\n",
       "  {'pca__n_components': 10},\n",
       "  {'pca__n_components': 15},\n",
       "  {'pca__n_components': 20}],\n",
       " 'split0_test_score': array([-0.62890185, -0.60467394, -0.60076155, -0.58644802, -0.58748557]),\n",
       " 'split1_test_score': array([-0.74889791, -0.76230821, -0.74085954, -0.74030263, -0.71196154]),\n",
       " 'split2_test_score': array([-0.82648039, -0.85049956, -0.79674298, -0.77360158, -0.7370633 ]),\n",
       " 'split3_test_score': array([-0.74956635, -0.75597887, -0.7310186 , -0.72028605, -0.71674263]),\n",
       " 'split4_test_score': array([-0.72748646, -0.69048482, -0.65090126, -0.65205304, -0.62605086]),\n",
       " 'split5_test_score': array([-0.75834757, -0.70297767, -0.69564891, -0.65747724, -0.65625646]),\n",
       " 'split6_test_score': array([-0.80114381, -0.76026329, -0.74766151, -0.71192271, -0.68822282]),\n",
       " 'split7_test_score': array([-0.7656156 , -0.74741888, -0.70610905, -0.68196332, -0.65913333]),\n",
       " 'split8_test_score': array([-0.55958509, -0.54947305, -0.5422546 , -0.51690789, -0.5167674 ]),\n",
       " 'split9_test_score': array([-0.74058039, -0.69597664, -0.66290127, -0.66048534, -0.65089023]),\n",
       " 'mean_test_score': array([-0.73066054, -0.71200549, -0.68748593, -0.67014478, -0.65505741]),\n",
       " 'std_test_score': array([0.07520499, 0.08121944, 0.07160419, 0.07147897, 0.06279724]),\n",
       " 'rank_test_score': array([5, 4, 3, 2, 1])}"
      ]
     },
     "execution_count": 20,
     "metadata": {},
     "output_type": "execute_result"
    }
   ],
   "source": [
    "search.fit(dfPOS, dfTrain['target'].values)\n",
    "print(\"Best parameter (CV score=%0.3f):\" % search.best_score_)\n",
    "print(search.best_params_)\n",
    "search.cv_results_"
   ]
  },
  {
   "cell_type": "code",
   "execution_count": null,
   "id": "bfb241ba",
   "metadata": {},
   "outputs": [],
   "source": []
  },
  {
   "cell_type": "code",
   "execution_count": null,
   "id": "4c465b68",
   "metadata": {},
   "outputs": [],
   "source": []
  }
 ],
 "metadata": {
  "kernelspec": {
   "display_name": "Python 3 (ipykernel)",
   "language": "python",
   "name": "python3"
  },
  "language_info": {
   "codemirror_mode": {
    "name": "ipython",
    "version": 3
   },
   "file_extension": ".py",
   "mimetype": "text/x-python",
   "name": "python",
   "nbconvert_exporter": "python",
   "pygments_lexer": "ipython3",
   "version": "3.9.2"
  }
 },
 "nbformat": 4,
 "nbformat_minor": 5
}
